[[ -2.1754599   -3.5122962   27.59447    ...  -7.104134    18.734467
   -2.6696355 ]
 [ -2.3747292   -1.9559367   29.741503   ...  -6.0818596   17.276974
   -1.6121176 ]
 [ -2.4368508   -1.5228282   33.4121     ...  -7.0585265   15.159091
    0.71149826]
 ...
 [ -2.130304    -1.4438617   40.15366    ...  -9.277755    13.807907
  -11.02395   ]
 [ -2.0978947   -1.2754347   39.652924   ...  -9.97887     11.891119
   -9.652242  ]
 [ -2.0541208   -0.8939705   42.08477    ... -13.1855135    5.3694386
   -4.678589  ]]
   
[[-7.1353126]
 [-7.7770104]
 [-8.530081 ]
 ...
 [-7.67857  ]
 [-7.7217317]
 [-8.936861 ]]